,0,1,2,3,4,5,6,7,8,9,10,11,12,13,14,15,16,17,18,19
0,-31.58955952497763,-36.52006885560928,-39.50615631303549,-45.43167241754023,-51.18493923076875,-51.723038674847544,-52.440087520237824,-52.440087520237824,-52.440087520237824,-52.440087520237824,-52.440087520237824,-52.440087520237824,-52.440087520237824,-52.440087520237824,-52.440087520237824,-52.440087520237824,-51.50471043342242,-42.08616346346898,-29.921170445033454,32.23459611512436
1,31.03606631878472,19.54380708900942,21.583166917333642,20.609135391433256,20.609135391433256,20.609135391433256,20.609135391433256,20.609135391433256,20.609135391433256,20.609135391433256,20.609135391433256,20.609135391433256,20.609135391433256,20.810861942863255,21.479574622585403,27.63517913274842,52.56405760176756,95.0828230601739,174.11372222535738,310.2793541235251
2,87.67630018025005,70.73119613703898,62.61927640432987,58.74245866866772,56.95303867887549,55.16697156699405,53.438438962885584,53.438438962885584,53.438438962885584,53.438438962885584,53.438438962885584,53.438438962885584,54.438438962885584,55.23591346998961,59.47788200578651,69.01287495094766,91.828099471293,151.9784318210593,231.6058585194345,370.8195895851755
3,-41.4367309137717,-49.14493661953415,-51.009186665027215,-52.26491573504512,-52.46231718685465,-53.13724362660449,-53.13724362660449,-53.13724362660449,-53.13724362660449,-53.13724362660449,-53.13724362660449,-53.13724362660449,-53.13724362660449,-53.13724362660449,-49.78546195439867,-43.70948301610537,-23.110800778836023,12.493725016465106,86.29201166453001,227.33428205609445
4,33.33604450427811,32.29304804808618,27.17185091331163,26.050629860572997,24.843001021848806,23.750437578660296,22.699334440442385,22.699334440442385,22.699334440442385,22.699334440442385,22.699334440442385,22.699334440442385,22.699334440442385,22.699334440442385,23.699334440442385,26.568722924073825,38.216186485737296,63.664671051098225,119.36235664641106,218.14256736471503
5,10.735298123343028,1.0448149053243014,-4.228252677297149,-7.74072384156068,-7.74072384156068,-7.74072384156068,-7.74072384156068,-7.74072384156068,-7.74072384156068,-7.74072384156068,-7.74072384156068,-7.74072384156068,-7.74072384156068,-7.74072384156068,-7.74072384156068,-6.827079068102989,-4.769094969718452,8.816776365213343,38.02754765953205,122.24161766840786
6,126.58759101856356,113.33484579264905,101.26921811187435,91.53812620864937,80.16162084020533,78.11351972252942,75.87215898896903,75.87215898896903,75.87215898896903,75.87215898896903,75.87215898896903,75.87215898896903,75.87215898896903,75.87215898896903,77.87215898896903,80.21605307448334,91.29679977568026,116.2672622916491,155.7837415909088,267.5480335672561
7,13.32495385304216,6.555179024361934,0.49714603204600394,-1.5298042964583374,-4.952381548802265,-4.952381548802265,-4.952381548802265,-4.952381548802265,-4.952381548802265,-4.952381548802265,-4.952381548802265,-4.952381548802265,-4.952381548802265,-4.230854057474659,-2.440393236379407,4.80912701413186,29.780303171831264,63.377494906478915,135.58048709344828,221.600200461174
8,-59.40413593344442,-45.62303582401776,-41.44854496102391,-48.88977759446681,-53.34607052180871,-58.07809248085721,-60.67899592443291,-64.78397843635864,-64.78397843635864,-64.78397843635864,-64.78397843635864,-64.78397843635864,-64.78397843635864,-64.78397843635864,-63.940266389097246,-59.22573243755383,-48.10431883491509,-21.686538393845495,25.12179958106691,103.17166525523447
9,34.31080386425003,25.5379878430511,17.344174972975964,10.650775195956896,9.134200802032012,9.134200802032012,9.134200802032012,9.134200802032012,9.134200802032012,9.134200802032012,9.134200802032012,9.134200802032012,9.134200802032012,9.134200802032012,12.17904149105209,27.042437905821714,45.84851755731694,73.56841103976268,155.84721515077138,312.31926731666323
10,71.4601627674021,60.842558967919786,55.30284995565876,50.39790198857378,49.934661401644775,49.11386445911222,49.11386445911222,49.11386445911222,49.11386445911222,49.11386445911222,49.11386445911222,49.11386445911222,51.22954140319891,55.47399727364393,69.46644191487803,94.44718936904235,136.976806923734,222.5721447859537,329.4976695296639,485.7934680696811
11,101.34388105971667,82.08750766741318,76.1467696235351,76.1467696235351,76.1467696235351,76.1467696235351,76.1467696235351,76.1467696235351,76.1467696235351,76.1467696235351,76.1467696235351,76.1467696235351,76.1467696235351,76.1467696235351,76.78788843563709,78.93792879552919,85.03362305518934,105.32578921764085,140.59040591086924,237.67361561237456
12,15.867245424655522,20.584012814561135,20.42355285797487,16.424855647170062,4.997402376227825,3.8250439078985323,2.899242567674378,2.899242567674378,2.899242567674378,2.899242567674378,2.899242567674378,2.899242567674378,2.899242567674378,2.899242567674378,2.899242567674378,5.795052711209337,11.312219820391192,26.146103750316314,58.304641223828696,127.00711612151866
13,-43.86548621338369,-33.67954181844354,-41.883061503048594,-48.60202391125233,-50.65786901270923,-51.41590031794419,-52.396316102200046,-52.396316102200046,-52.396316102200046,-52.396316102200046,-52.396316102200046,-52.396316102200046,-52.396316102200046,-52.396316102200046,-52.396316102200046,-51.437107662426484,-49.271702241461014,-33.023613221228345,4.7331240086807895,75.30488009111946
14,74.49890346202218,70.46870194291884,78.67768011101467,73.44974598259117,71.41840738472621,64.63955043360085,60.015223034482574,60.17760235407158,60.17760235407158,60.17760235407158,60.17760235407158,60.17760235407158,61.24579036226618,62.252900719356404,65.64434193515541,74.89941662224342,97.17485836498443,139.73566734705102,176.47895833481195,287.60881594396255
15,64.91715121302133,46.20488437393152,35.069534839809194,32.162622633671845,26.716636528540505,24.694566789494274,22.882778653772164,22.882778653772164,22.882778653772164,22.882778653772164,22.882778653772164,22.882778653772164,22.882778653772164,22.882778653772164,23.882778653772164,27.759748991631227,35.1246617255357,51.27381169705052,99.85557742803502,180.0211409802963
16,3.2666714390094853,18.2711787561164,7.406660111338795,-3.7392896958079405,-7.3657888206566895,-9.608381257515418,-9.608381257515418,-9.608381257515418,-9.608381257515418,-9.608381257515418,-9.608381257515418,-9.608381257515418,-9.608381257515418,-7.267434036885106,-7.024250169838865,0.5955477277182695,18.144307342631805,54.30180483981894,142.00484517533988,252.68825412954953
17,118.59326229498589,92.52276713211421,88.00612329959307,89.0124252209647,86.87431011197299,86.87431011197299,86.87431011197299,86.87431011197299,86.87431011197299,86.87431011197299,86.87431011197299,87.87431011197299,88.51683222494546,91.50361545757733,101.46673513811061,137.0459944245365,184.05282856260783,266.29542235549974,408.98467181324946,612.135536920985
18,-58.938398838478776,-34.1182384207585,-39.758021423775546,-44.36354448458442,-44.46119413297245,-44.85654307233935,-44.85654307233935,-44.85654307233935,-44.85654307233935,-44.85654307233935,-44.85654307233935,-44.85654307233935,-43.85654307233935,-39.85066487560351,-31.363480445122036,-16.3488042541926,7.553436168194509,48.03517600867306,108.07741366081669,222.30884463383163
19,7.323060460446129,1.6417188361352828,-7.321769048430838,-21.907008416453777,-24.771319497894524,-30.382967799591597,-33.5143078998052,-34.29274085865586,-35.491322343201716,-35.491322343201716,-35.491322343201716,-35.491322343201716,-35.491322343201716,-35.491322343201716,-35.491322343201716,-34.19070849699517,-27.003630575833938,-0.6661497858169128,44.99721940959455,148.3948836781302
20,-47.205353088758784,-51.86003685188598,-54.78117357634042,-59.67309166903374,-59.67309166903374,-59.67309166903374,-59.67309166903374,-59.67309166903374,-59.67309166903374,-59.67309166903374,-59.67309166903374,-59.67309166903374,-59.67309166903374,-59.74808956942786,-60.96337527181126,-54.371908939903165,-45.11576401581692,-24.02163369554023,29.55334098717151,100.38800511271035
21,54.200156946817174,91.6456768772756,87.42997387888425,73.47067806575564,66.75635211065531,53.373079458554,50.3323278029107,50.07343074897068,50.07343074897068,50.07343074897068,50.07343074897068,50.07343074897068,50.07343074897068,51.45110007968265,56.33337888069832,66.7162557597241,87.1230221668934,116.88070989227197,208.06618267244147,343.09227880791406
22,78.1079311154293,63.36586234534224,58.23013761051973,56.22671914952065,50.84567978428706,48.10173253461841,47.314892822228416,47.314892822228416,47.314892822228416,47.314892822228416,47.314892822228416,47.314892822228416,47.314892822228416,47.314892822228416,48.831291327494654,59.5694558209276,78.05390991349341,128.53076402062757,186.2841675083038,288.70478394654253
23,-22.6543658108385,-29.660112533927446,-31.795694614932188,-34.33218610592047,-36.35855089953628,-36.35855089953628,-36.35855089953628,-36.35855089953628,-36.35855089953628,-36.35855089953628,-36.35855089953628,-36.35855089953628,-36.35855089953628,-36.35855089953628,-36.35855089953628,-33.40521410131265,-23.253583034698067,1.3543219427067754,66.76536550866581,166.51844651562163
24,-96.24640521623684,-102.75176225426713,-104.62352320545608,-108.65519566369449,-110.17591496639142,-111.36938470221514,-111.36938470221514,-111.36938470221514,-111.36938470221514,-111.36938470221514,-111.36938470221514,-111.36938470221514,-111.36938470221514,-111.36938470221514,-109.21746524775594,-103.16068923630061,-85.45153853459635,-51.21125011432622,0.07597008456542653,102.85953349538744
25,90.82219594770982,61.141454482415725,47.71015536010475,42.52892565820264,42.12198568854723,42.12198568854723,42.12198568854723,42.12198568854723,42.12198568854723,42.12198568854723,42.12198568854723,42.12198568854723,42.12198568854723,42.9349455807174,44.99151272418618,55.07814708114603,62.23210838149015,99.33575218946072,161.65697897489446,286.7216385103741
26,30.35081116522977,41.38372241057354,42.394859704690106,34.50940230318437,24.014023194731976,21.25928051020847,19.365226816228954,19.365226816228954,19.365226816228954,19.365226816228954,19.365226816228954,19.365226816228954,19.365226816228954,19.365226816228954,19.365226816228954,21.594418710957285,29.486932317702923,52.51433117687631,85.84662073197947,206.40045349232204
27,59.013360836966825,36.27526689667414,33.42028416518954,33.42028416518954,31.861048814205134,31.861048814205134,31.861048814205134,31.861048814205134,31.861048814205134,31.861048814205134,31.861048814205134,31.861048814205134,31.861048814205134,31.861048814205134,31.861048814205134,31.029931260270445,35.75431173423627,53.16308864068267,83.79618679817892,159.4317075768415
28,-82.60379780991306,-90.67160491170858,-94.30675963042353,-94.97267073102006,-95.23610880974636,-96.47675731683944,-96.47675731683944,-96.47675731683944,-96.47675731683944,-96.47675731683944,-96.47675731683944,-96.47675731683944,-96.47675731683944,-96.47675731683944,-96.47675731683944,-96.47675731683944,-95.47675731683944,-90.93840356659123,-67.4201696746592,-12.270229572540813
29,42.39288604920526,58.2844786593831,52.180053598878146,42.478038173839764,38.96495035087065,38.03684595768817,37.743407386865385,37.743407386865385,37.743407386865385,37.743407386865385,37.743407386865385,37.743407386865385,37.743407386865385,37.743407386865385,37.743407386865385,37.743407386865385,38.64346298094085,44.37516898392997,63.22335692862731,118.03962482759738
30,-8.45957532036249,-2.2585650534529123,-4.508704046387692,-6.454558519594229,-10.656339111435216,-14.239677644621906,-14.239677644621906,-14.239677644621906,-14.239677644621906,-14.239677644621906,-14.239677644621906,-14.239677644621906,-14.239677644621906,-11.891244450200247,-6.439610851171722,7.09365921782333,20.46028643947119,62.60585424511282,119.78653568809204,223.40084527720245
31,91.46248417530603,89.57944385607618,83.65037176640516,81.3032693887414,80.58537307953449,81.3196699322865,81.3196699322865,81.3196699322865,81.3196699322865,81.3196699322865,81.3196699322865,81.3196699322865,81.3196699322865,81.3196699322865,83.7516135803867,89.83074938615243,101.35543156546439,131.2740829408171,194.2477875791817,304.267512371916
32,54.1471442569036,27.966425461873996,27.492686584374866,27.492686584374866,27.492686584374866,27.492686584374866,27.492686584374866,27.492686584374866,27.492686584374866,27.492686584374866,27.492686584374866,27.492686584374866,27.492686584374866,27.492686584374866,27.492686584374866,28.492686584374866,30.23809260979681,39.35505315082756,58.36241933946681,112.09734360906563
33,24.965089556537805,21.180651554747328,14.651978630718077,13.214717091372393,10.220401445388148,9.26444509045578,9.26444509045578,9.26444509045578,9.26444509045578,9.26444509045578,9.26444509045578,9.26444509045578,9.26444509045578,9.26444509045578,9.26444509045578,9.26444509045578,9.26444509045578,10.23967430536726,18.531446439592145,48.29232270474773
34,55.2416222961609,49.02466004368327,42.48607592000383,39.73910432074709,38.58173143621656,38.58173143621656,38.58173143621656,38.58173143621656,38.58173143621656,38.58173143621656,38.58173143621656,38.58173143621656,38.58173143621656,39.58173143621707,39.58173143621707,41.523562774729015,49.80807559976708,66.33516232972659,106.03454548202964,192.93029248547023
35,-31.946449718721567,-36.82815388241917,-43.81375413542145,-46.68658151716531,-48.55995439037548,-48.55995439037548,-48.55995439037548,-48.55995439037548,-48.55995439037548,-48.55995439037548,-48.55995439037548,-48.55995439037548,-48.55995439037548,-48.55995439037548,-48.55995439037548,-47.18590637782262,-43.45235398637047,-32.7118977441998,-2.1019299508707263,62.33367195847677
36,131.5047719131271,109.18139092774672,102.65977212527733,86.12375861281518,83.18320950220013,82.80210149762667,82.80210149762667,82.80210149762667,82.80210149762667,82.80210149762667,82.80210149762667,82.80210149762667,82.80210149762667,83.8021014976255,84.00706946044005,87.00872308798935,88.99405244206187,102.10267397945753,129.4502296228175,194.81342819955907
37,77.5585503116026,67.75571903637521,63.38737297938161,54.375634096441445,51.43916438420794,48.65806929964043,45.59632532645614,45.59632532645614,45.59632532645614,45.59632532645614,45.59632532645614,45.59632532645614,45.59632532645614,45.59632532645614,48.811375663273765,52.92576711553164,78.15293645549733,121.03909601148987,197.55051658631712,310.2476800665323
38,96.46614451328503,103.07814379538922,92.80747965903117,87.64040983331444,83.45704172459156,82.29432749903538,82.29432749903538,82.29432749903538,82.29432749903538,82.29432749903538,82.29432749903538,82.29432749903538,82.29432749903538,82.29432749903538,83.00073200939545,91.68909354900563,111.48812095829106,162.74512783260212,228.75606306487572,360.92736090081826
39,85.47441266801931,69.584816599949,63.34552685605931,55.64896386545732,51.65739947348564,50.317759412440836,50.317759412440836,50.317759412440836,50.317759412440836,50.317759412440836,50.317759412440836,50.317759412440836,50.317759412440836,50.317759412440836,52.825574948539355,58.47656906443805,75.11748026282427,108.34619599302604,175.16989117720826,289.7299701769796
40,-34.77128944100971,-44.215088351502914,-51.565081601157516,-52.69814512421405,-55.00875346180089,-55.00875346180089,-55.00875346180089,-55.00875346180089,-55.00875346180089,-55.00875346180089,-55.00875346180089,-55.00875346180089,-55.00875346180089,-55.00875346180089,-55.00875346180089,-55.00875346180089,-54.00875346180089,-45.134084587191325,-26.707332965501365,12.676668379654899
41,-39.23391898620332,-38.070914901350676,-41.87900017613083,-48.89326743490781,-50.379647788280124,-52.52569949039423,-52.52569949039423,-52.52569949039423,-52.52569949039423,-52.52569949039423,-52.52569949039423,-52.52569949039423,-52.52569949039423,-52.52569949039423,-52.52569949039423,-52.52569949039423,-49.72781483947574,-41.251121603029105,-19.450103008576377,20.510179072049283
42,92.35836606557507,104.68916233993968,98.38351032477868,97.00829884512422,86.06069923870024,84.07409529593588,81.88625987321569,81.88625987321569,81.88625987321569,81.88625987321569,81.88625987321569,81.88625987321569,82.7504721772786,83.43796692826663,85.37232338080406,100.99756363575733,119.88711342557121,172.86534833425878,245.1721434017466,398.65342161173857
43,-19.10528325174795,-37.79533335110233,-38.19571891300342,-39.07577348433023,-40.146867338929894,-40.146867338929894,-40.146867338929894,-40.146867338929894,-40.146867338929894,-40.146867338929894,-40.146867338929894,-40.146867338929894,-40.146867338929894,-40.08514068141233,-38.7786351234563,-35.26230626129188,-13.665523582523349,21.36941423732543,97.5320639521679,247.5323592901339
44,101.61641391878575,80.96038230447644,71.48081096865988,69.50572358918052,67.25209186003488,66.76562365719238,66.76562365719238,65.40516350854423,65.40516350854423,65.40516350854423,65.40516350854423,65.40516350854423,65.40516350854423,66.90451950892404,70.68899611229872,84.2456360230336,105.60552160432766,147.7746274207956,249.58329654808082,388.89144216293164
45,73.89418190601666,61.614771380663825,58.35964028703037,57.930149391466756,55.95921857304245,54.87694003851473,54.87694003851473,54.87694003851473,54.87694003851473,54.87694003851473,54.87694003851473,54.87694003851473,54.87694003851473,54.87694003851473,55.87694003851473,59.013471682769506,65.0559033057846,80.23866579268872,117.12000639132597,207.42588058506917
46,171.70014349610898,147.57338646570014,142.35247208725002,140.41256807518977,138.6857273634434,138.6857273634434,138.6857273634434,138.6857273634434,138.6857273634434,138.6857273634434,138.6857273634434,138.6857273634434,138.6857273634434,140.11869655037242,148.25521128403204,160.61116023130222,191.7576456203202,252.43385505634762,362.09742194849724,523.8860053023204
47,-17.220193711381285,-15.23921917004543,-17.165349485222464,-19.922350951245335,-19.922350951245335,-21.53842550615127,-21.53842550615127,-21.53842550615127,-21.53842550615127,-21.53842550615127,-21.53842550615127,-21.53842550615127,-21.53842550615127,-21.53842550615127,-16.516913716458873,1.8766806450742024,42.170209832520754,79.28572644465407,180.20830351329903,352.14210059025265
48,-16.006730279473544,-1.1232565726247117,-7.948406912202074,-14.269396344958693,-22.163308954400918,-24.082612886840707,-24.082612886840707,-25.742256322821078,-25.742256322821078,-25.742256322821078,-25.742256322821078,-25.742256322821078,-25.742256322821078,-25.742256322821078,-24.742256322821078,-23.588929806435885,-20.49946203188722,-3.452367567347153,30.833680299093032,98.85884199313955
49,-73.26621329098265,-78.12400730646235,-77.19034484731282,-83.19060661077498,-89.71382720350493,-92.52665596983218,-95.01955146636038,-95.96088127574149,-95.96088127574149,-95.96088127574149,-95.96088127574149,-95.96088127574149,-95.96088127574149,-95.96088127574149,-94.9608812757418,-88.35820007951637,-63.783924334991724,-28.69437983811335,53.174696599217214,218.55890890889754
50,29.737550560982356,29.877842101651424,30.756750678944513,25.387953720716297,22.16156199022919,17.23601309831585,15.096730481425993,13.45558331134842,13.45558331134842,13.45558331134842,13.45558331134842,13.45558331134842,13.45558331134842,13.45558331134842,13.45558331134842,14.059114657647854,18.948618855846348,33.69166634972518,57.05947937370203,135.37010917356088
51,4.5773677530544035,4.757221827547397,0.6044677590917047,-2.0830620983300037,-3.812098533559748,-3.812098533559748,-3.812098533559748,-3.812098533559748,-3.812098533559748,-3.812098533559748,-3.812098533559748,-3.812098533559748,-3.812098533559748,-3.812098533559748,-3.812098533559748,-2.1530725005377462,1.8427586474266775,15.55687298686172,45.938872180671154,131.48639816765674
52,119.85774420405474,129.22745852934625,118.81389989289923,114.91178586865246,104.86896504399206,103.30580837114056,103.30580837114056,103.30580837114056,103.30580837114056,103.30580837114056,103.30580837114056,103.30580837114056,103.30580837114056,103.30580837114056,104.30580837114056,112.82989951189853,123.03517993800037,157.08088189914398,220.21451431579757,356.2109767690655
53,-239.981665985222,-232.57832770030194,-233.74341971378882,-235.59601384413307,-239.32336611053955,-242.8507031137206,-245.8770686857652,-246.3810653104198,-246.3810653104198,-246.79114251143983,-246.79114251143983,-246.79114251143983,-246.79114251143983,-246.79114251143983,-244.88205944945014,-242.95535429668428,-236.64358878861503,-213.30278363777745,-168.27634244066155,-84.32726694587495
54,-9.922765345958481,0.14996161823719945,-6.685807498698438,-10.233985883745447,-11.857356519460467,-13.322034170726937,-13.322034170726937,-13.322034170726937,-13.322034170726937,-13.322034170726937,-13.322034170726937,-13.322034170726937,-13.322034170726937,-13.322034170726937,-13.322034170726937,-10.768305890440018,-6.697454736003948,2.3292156190696574,38.417212846862725,129.1959397320338
55,-10.686577972912744,-8.803520214865102,-20.484883698112725,-29.139599610745165,-33.74335977731289,-34.277010276169534,-34.99676566289213,-34.99676566289213,-34.99676566289213,-34.99676566289213,-34.99676566289213,-34.99676566289213,-34.99676566289213,-34.99676566289213,-29.49807792561367,-21.424049911609046,2.2553342357152246,51.52925558558678,151.25804926978742,309.0352188763661
56,-7.167820893983503,3.7857117671933054,3.892136524801714,-8.346204433252808,-11.804636030740198,-14.552817393940728,-16.739040694803435,-18.530285726358585,-18.530285726358585,-18.530285726358585,-18.530285726358585,-18.530285726358585,-18.530285726358585,-18.530285726358585,-17.530285726358585,-9.916028330273122,5.080676619662654,41.89187306872452,102.14335400992587,222.33155862337475
57,-53.05520374524215,-51.399021893338926,-52.25310554915822,-56.523781942398415,-61.165912125974245,-61.62092946061341,-63.431544359256435,-63.431544359256435,-63.431544359256435,-63.431544359256435,-63.431544359256435,-63.431544359256435,-63.431544359256435,-63.431544359256435,-63.431544359256435,-61.79419621281676,-55.0816883095728,-40.73243538917487,-11.115953622287861,55.59424037450427
58,-86.86891641076568,-97.01989853195164,-103.55231286666944,-108.5378451268086,-112.52145541590448,-112.52145541590448,-112.52145541590448,-112.52145541590448,-112.52145541590448,-112.52145541590448,-112.52145541590448,-112.52145541590448,-112.52145541590448,-112.52145541590448,-111.06887587806747,-103.25480359936549,-88.49052789154524,-62.34372786320091,-6.611269898449564,87.96596419518164
59,2.0491270467962863,-15.024400514067736,-17.69271772865261,-17.69271772865261,-17.69271772865261,-17.69271772865261,-17.69271772865261,-17.69271772865261,-17.69271772865261,-17.69271772865261,-17.69271772865261,-17.69271772865261,-17.69271772865261,-17.69271772865261,-16.69271772865261,-11.670858768352929,-1.0335346236307146,22.48894367090395,70.72110981484974,165.39278315220702
60,-125.51709374974928,-125.23196808579172,-128.81876192524538,-129.0748439270407,-133.26101488057623,-135.69329162231386,-136.39355713965637,-136.39355713965637,-136.39355713965637,-136.39355713965637,-136.39355713965637,-136.39355713965637,-136.39355713965637,-136.39355713965637,-136.39355713965637,-136.39355713965637,-134.38525072710843,-123.44030346497883,-96.69446611145074,-45.5895789043208
61,86.37257011696161,79.75135856478326,70.69352128849985,61.4755945687788,59.95443701013235,59.20858967057896,59.20858967057896,59.20858967057896,59.20858967057896,59.20858967057896,59.20858967057896,59.20858967057896,59.20858967057896,60.20858967057896,63.224166693332705,74.03323470232013,96.05361684893703,136.31645818789318,245.4695390307996,359.99369148837934
62,85.07375607605593,72.73346960073968,63.49966304254565,61.617954983412574,61.617954983412574,61.617954983412574,61.617954983412574,61.617954983412574,61.617954983412574,61.617954983412574,61.617954983412574,61.617954983412574,61.617954983412574,61.617954983412574,61.617954983412574,61.617954983412574,62.46312074160676,71.2583703160546,109.409636997782,196.3493447324746
63,-82.0308009368182,-76.53323429395198,-70.48357659192828,-77.16652496114745,-83.31183647222622,-91.88261363081767,-99.58137280817328,-101.08964139283063,-102.40765193055,-102.40765193055,-102.40765193055,-102.40765193055,-102.40765193055,-101.67891975157363,-99.99840375224375,-95.0441420252586,-77.38282123621815,-38.72506300838148,15.109195381079985,141.34424942603044
64,-14.212657573794218,-21.226606839184427,-26.171087997731973,-26.396316479341152,-29.272802172971325,-30.56536691577756,-30.56536691577756,-30.56536691577756,-30.56536691577756,-30.56536691577756,-30.56536691577756,-30.56536691577756,-30.56536691577756,-30.56536691577756,-27.810644178584056,-22.724237326499008,-6.64206778995748,23.739882599749848,116.48425960239521,225.70032066356393
65,-2.469863345211195,9.677883146005172,4.000554894005688,-10.15414314568153,-19.766902305477174,-22.580817201252813,-29.305037408619796,-29.305037408619796,-29.305037408619796,-29.305037408619796,-29.305037408619796,-29.305037408619796,-29.305037408619796,-29.305037408619796,-29.305037408619796,-28.65324313638743,-21.907467981419956,-4.464594354877875,30.531376995459993,92.63896034216924
66,8.763038526095386,17.099531118533378,15.522522519143934,11.142515860840263,7.883693746350957,4.142052428264435,4.142052428264435,2.7559242714518746,2.7559242714518746,2.7559242714518746,2.7559242714518746,2.7559242714518746,2.7559242714518746,3.2834796065343426,3.959697287783513,11.276327171124763,26.789781567916805,81.28098078913297,148.42885160273283,271.42376374754866
67,26.03714114439032,52.578712406689476,44.01765759155148,32.04633558745843,22.255513321953003,17.229096124314538,14.534377633600258,11.69516366477805,11.69516366477805,11.69516366477805,11.69516366477805,11.69516366477805,11.69516366477805,12.026793449741746,15.794674713763953,22.34771504887553,32.70773442014436,74.68281247836569,121.38067613373187,225.4321331244227
68,100.59903938637729,113.95642723980359,104.87863758494552,101.4172863342007,93.49385009160108,92.88448387558566,90.87173298707506,90.87173298707506,90.87173298707506,89.63752950600679,89.63752950600679,89.63752950600679,91.62625501703184,96.65284725315377,102.08380615738406,125.71199167982098,159.32282794694493,225.63811559517632,323.7100800906907,482.6319683838756
69,-137.21208284634258,-145.2038545775108,-146.1437102776395,-147.7360217866635,-149.72757585165868,-152.2707928519556,-152.2707928519556,-152.2707928519556,-152.2707928519556,-152.2707928519556,-152.2707928519556,-152.2707928519556,-152.2707928519556,-152.2707928519556,-152.2707928519556,-151.3845108427104,-150.46013864802913,-141.66380594088275,-110.77837833545874,-39.339755242497176
70,-43.056047575482864,-56.51889662205144,-56.24237127821553,-62.66869196989211,-66.80063517432257,-67.83264439145555,-67.83264439145555,-67.83264439145555,-67.83264439145555,-67.83264439145555,-67.83264439145555,-67.83264439145555,-67.83264439145555,-67.83264439145555,-67.83264439145555,-66.21078755287792,-59.737449221394115,-39.73036272444955,-7.044276846637587,73.61447922745674
71,-7.7472527012380965,-6.720964436120823,-3.9857350026619827,-7.6275842657250905,-12.518379187079518,-16.678925350545626,-17.62005595018354,-19.7422431650636,-19.7422431650636,-19.7422431650636,-19.7422431650636,-19.7422431650636,-19.7422431650636,-19.7422431650636,-19.7422431650636,-19.7422431650636,-11.417146445600679,14.610164727409511,68.41276056512788,160.2273719530155
72,-26.014588507087126,-19.518790955720362,-23.742212991488714,-27.764635039069617,-33.89057558507136,-35.47633255433544,-36.27672564875144,-36.27672564875144,-36.27672564875144,-36.27672564875144,-36.27672564875144,-36.27672564875144,-36.27672564875144,-36.27672564875144,-36.27672564875144,-31.736567868163178,-29.228047669712538,-13.205584710542126,20.850649662083242,91.91695121075134
73,4.636686639065971,16.06807675604844,11.419687196654024,8.070527779494057,6.453933967415054,5.750641087148125,5.750641087148125,5.750641087148125,5.113870688644056,5.113870688644056,5.113870688644056,5.113870688644056,5.113870688644056,6.051875417334088,6.6841903738186375,12.779261886672685,28.898144763408055,74.54707711273323,138.49927978603893,255.05924967798103
74,141.97481130931024,117.04658266121797,112.59283678882636,108.99457164367098,108.12244952757595,104.71446267006766,104.71446267006766,104.71446267006766,104.71446267006766,104.71446267006766,104.71446267006766,104.71446267006766,104.71446267006766,104.71446267006766,105.71446267006766,106.93799445207634,115.21041704263092,135.82366592091287,175.58933370111006,298.2501477174417
75,-2.162575212591463,-2.351532292749738,-4.1979239340104755,-7.1866101680014935,-9.833876721767865,-12.40352344268257,-13.46438720131897,-14.504663695860472,-14.935826964253977,-14.935826964253977,-14.935826964253977,-14.935826964253977,-14.935826964253977,-14.935826964253977,-14.935826964253977,-14.935826964253977,-11.94879277979652,-5.84723255833967,18.52363587802671,77.55273989072344
76,13.746005706671866,5.051613814881534,-0.059306125157974066,-5.122264425503857,-9.138809803070956,-10.165348684656436,-11.719281243983687,-11.719281243983687,-11.719281243983687,-11.719281243983687,-11.719281243983687,-11.719281243983687,-10.824733000958446,-10.110706573126095,-4.320728819469963,0.686780361665825,28.55348582062527,62.68782667456966,130.7467573791561,239.55049153041685
77,14.07448511760677,7.097202360738578,0.44988333381948564,-1.22427810484632,-1.3523447280245477,-1.3523447280245477,-1.3523447280245477,-1.3523447280245477,-1.3523447280245477,-1.3523447280245477,-1.3523447280245477,-1.3523447280245477,-1.3523447280245477,-1.3523447280245477,1.9477208079113097,10.03233577810525,31.796713513600338,75.41014480222387,150.32607011094908,294.92224848169803
78,99.21504161692766,103.00508541703769,99.00275438871347,93.4522872722761,90.59620695722288,90.93091810417124,93.63327587874645,93.57338277726117,93.30879227378412,93.30879227378412,93.30879227378412,93.30879227378412,94.30879227378412,95.99571390927994,100.68143555650383,106.26626201157725,128.73520260401662,160.02745437385605,236.3067338207533,335.8385505164124
79,-112.48115728343316,-109.01614792115589,-111.59098895100851,-115.59061758084277,-118.05136105581659,-118.48678044385295,-118.90194029633395,-118.90194029633395,-118.90194029633395,-118.90194029633395,-118.90194029633395,-118.90194029633395,-118.90194029633395,-118.41342444751757,-116.95299843266832,-109.38441026291892,-89.76513522261618,-49.54717328206215,18.37614629073414,147.90159310303255
80,11.892546322903229,10.97890020924649,9.954499089152023,7.063115293115061,7.063115293115061,7.063115293115061,7.063115293115061,7.063115293115061,7.063115293115061,7.063115293115061,7.063115293115061,7.063115293115061,7.977206923519191,9.476855761927368,13.87871138350829,24.056672130980644,55.34539085929856,101.45064927799922,193.29670525419942,317.9851479788018
81,16.122169482027715,20.896364651007588,13.22706133948563,1.995926515271691,-0.39416553875867066,-9.7794177433137,-11.604976369210164,-12.75980904003481,-13.467951092210825,-13.467951092210825,-13.467951092210825,-13.467951092210825,-13.467951092210825,-13.467951092210825,-13.467951092210825,-13.467951092210825,-12.467951092209745,-8.02753193746284,6.117653050608936,42.30168051022085
82,89.8620135204414,72.2035626374018,61.673898991032985,55.369257857047046,53.14592858135467,50.43349305607194,50.43349305607194,50.43349305607194,50.43349305607194,50.43349305607194,50.43349305607194,50.43349305607194,50.43349305607194,50.43349305607194,51.43349305607194,56.33676233390324,69.42353965250658,95.88590740110533,167.10548272779891,257.7151174659061
83,5.464245600065055,8.8001856589471,6.275841801871877,-16.195374257180163,-22.664924337384008,-29.325731111620087,-31.383695483375334,-32.224018033959055,-32.224018033959055,-32.224018033959055,-32.224018033959055,-32.224018033959055,-32.224018033959055,-32.224018033959055,-32.224018033959055,-30.432578980070872,-26.867119713121212,-16.65529864150838,19.32796920645177,89.468638741294
84,-76.69249855523796,-88.68513461543148,-93.84777671119429,-95.60590171250186,-95.60590171250186,-95.60590171250186,-95.60590171250186,-95.60590171250186,-95.60590171250186,-95.60590171250186,-95.60590171250186,-95.60590171250186,-95.60590171250186,-95.60590171250186,-93.60590171250035,-92.57873564645072,-79.39081531148943,-55.578259103576585,11.779863910389167,101.13074594992202
85,-45.537039663303204,-61.33101844067431,-63.6631012175996,-65.715078455933,-65.715078455933,-65.715078455933,-65.715078455933,-65.715078455933,-65.715078455933,-65.715078455933,-65.715078455933,-65.715078455933,-65.715078455933,-65.715078455933,-65.715078455933,-65.715078455933,-60.23737665115891,-44.924510664737056,-10.605777579272768,60.624557180002796
86,-33.77177226055446,-35.52500740877849,-37.78560890865958,-39.72561950706114,-41.28329578123862,-43.093739412931086,-43.69007146357856,-43.69007146357856,-43.69007146357856,-43.69007146357856,-43.69007146357856,-43.69007146357856,-43.69007146357856,-42.69007146357947,-41.51141495918955,-37.737883345486864,-29.267967619901015,-1.5708898887085354,52.96555866342544,150.6277708416157
87,-99.93376854116619,-106.84546725412616,-110.88129718367128,-110.88129718367128,-110.88129718367128,-110.88129718367128,-110.88129718367128,-110.88129718367128,-110.88129718367128,-110.88129718367128,-110.88129718367128,-110.88129718367128,-110.88129718367128,-110.88129718367128,-110.88129718367128,-110.88129718367128,-109.29116881043379,-103.5649553043896,-88.27167688687129,-41.238742373956654
88,66.51137590252665,65.39628478542846,64.63804992153365,64.36291853428736,66.71487192500877,64.22267930282294,62.064869263347646,59.34052688505875,59.09831861914856,59.09831861914856,59.09831861914856,59.09831861914856,59.09831861914856,60.09831861914856,62.04877036673349,66.48308965896842,73.26757555491474,104.27316540964858,178.9756794564948,297.47960034891565
89,22.290714108635257,21.615394450838977,16.047393440153797,15.890289454650599,7.039015224718128,6.109082872616284,3.073959374520598,3.073959374520598,3.073959374520598,3.073959374520598,3.073959374520598,3.073959374520598,3.073959374520598,3.073959374520598,3.073959374520598,5.641302134905203,9.495876992636909,24.754047512538705,62.1107105241295,132.93608957423743
90,145.4642877467995,148.68630176773738,146.88280574741188,141.21543938383397,138.49269022503213,137.523269368489,133.58730875507084,131.59312050618274,131.59312050618274,131.59312050618274,131.59312050618274,131.59312050618274,131.59312050618274,131.59312050618274,131.59312050618274,135.93779413060489,145.5697419169649,180.47009840300402,243.19433882434257,394.1303816651799
91,-55.02656766663472,-58.863240508127376,-62.28521870226166,-67.93529858762628,-68.7172837299876,-69.20253616730395,-70.27559881727115,-70.27559881727115,-70.27559881727115,-70.27559881727115,-70.27559881727115,-70.27559881727115,-70.27559881727115,-70.27559881727115,-70.27559881727115,-67.61257162110516,-60.20467820907214,-40.78100883147462,0.6595968848094458,56.52209085809358
92,43.085849937145525,38.66670277472869,29.561947473938886,20.706414889605952,17.364145869652845,15.718635341070154,13.70495112193666,13.70495112193666,13.70495112193666,13.70495112193666,13.70495112193666,13.70495112193666,13.70495112193666,13.70495112193666,17.446248161356095,29.04830999391774,52.833017489406046,93.85299564585043,159.38791729948727,295.86439251389004
93,77.27620666727444,73.6309117672937,64.81779250400808,54.91015099762075,52.02144249512463,50.286373410267515,49.991804522375276,49.991804522375276,49.991804522375276,49.991804522375276,49.991804522375276,49.991804522375276,49.991804522375276,49.991804522375276,49.991804522375276,49.991804522375276,51.85467970436014,60.904767292780605,81.51272502226811,142.35449798785254
94,-54.32329795123334,-62.88086704215908,-65.54847798505133,-65.64736940865356,-65.64736940865356,-66.57083851011552,-66.57083851011552,-66.57083851011552,-66.57083851011552,-66.57083851011552,-66.57083851011552,-66.57083851011552,-66.57083851011552,-66.57083851011552,-66.57083851011552,-65.57083851011552,-63.84478537262109,-57.888362051925526,-32.64572695229293,15.091961575834546
95,-2.270451375509822,1.8680529191169626,-3.107582934028983,-11.920972756794242,-15.99567657387621,-18.60800054797329,-21.581920453213627,-21.581920453213627,-21.581920453213627,-21.581920453213627,-21.581920453213627,-21.581920453213627,-21.581920453213627,-20.581920453214366,-18.08473599078718,-5.627848486103915,15.142411893227802,60.208722435707216,162.1912215293225,294.74276504464973
96,-104.2893610287536,-102.23607676817636,-105.93974268996749,-110.36550306658444,-112.41200482763722,-112.75218241248535,-112.75218241248535,-112.75218241248535,-112.75218241248535,-112.75218241248535,-112.75218241248535,-112.75218241248535,-112.75218241248535,-112.75218241248535,-111.63323565203376,-108.26641989515903,-94.75917644780236,-56.92449045264556,-2.6878875147277768,107.37806894310825
97,-25.83622408333582,-24.86824415804847,-26.274365755692088,-31.784728138840535,-33.365882693956394,-33.365882693956394,-33.365882693956394,-33.365882693956394,-33.365882693956394,-33.365882693956394,-33.365882693956394,-33.365882693956394,-32.566488523561304,-32.566488523561304,-30.5664885235596,-25.856077753151368,-15.074045580378083,26.163680595368533,116.47783578381944,221.31779247780838
98,-114.00129091539543,-99.68848671175283,-107.76488425848402,-112.68622038186385,-119.03224576596398,-122.5123843730808,-122.5123843730808,-122.5123843730808,-122.5123843730808,-122.5123843730808,-122.5123843730808,-122.5123843730808,-122.5123843730808,-120.8618418401561,-117.05218083154733,-100.83321752948564,-72.90125303622062,-32.58432023384387,71.06010818713906,206.56460477512462
99,138.17450240080618,118.37746696645033,104.5166670702317,101.82931444505877,97.04952665820016,97.04952665820016,97.04952665820016,97.04952665820016,97.04952665820016,97.04952665820016,97.04952665820016,97.04952665820016,97.04952665820016,97.04952665820016,98.04952665820016,102.44556386838812,125.78442141484842,162.78013449278663,235.95068125862016,379.3015810211499
